19
9
7
7
0
6
10
0
8
14
18
11
19
19
11
4
3
9
3
1
0
16
2
6
18
5
18
9
5
13
14
14
5
5
9
17
1
7
7
1
10
2
2
11
15
12
6
14
11
2
13
7
16
4
10
17
6
12
2
13
4
12
7
2
12
1
5
3
8
16
17
2
13
10
4
0
12
14
6
7
2
2
8
4
1
2
10
3
16
17
11
8
12
7
1
5
3
18
1
8
2
5
8
15
4
3
0
1
19
8
19
2
12
12
3
12
1
1
0
9
18
12
14
8
6
11
11
12
15
12
12
3
10
11
15
17
2
11
15
7
4
12
5
16
14
0
13
1
2
9
4
10
14
14
3
1
6
17
12
1
19
16
1
5
10
3
2
12
7
7
1
12
18
4
10
0
11
11
9
0
4
9
3
16
8
6
15
8
1
2
2
18
6
0
19
5
5
2
18
7
7
10
7
4
6
18
8
5
15
4
18
9
3
4
9
5
0
3
17
13
7
3
16
11
15
11
8
0
2
3
6
17
9
13
11
3
1
10
1
11
11
14
14
18
0
17
3
5
2
0
6
16
11
12
4
9
14
14
6
17
13
6
2
18
13
17
0
10
0
8
0
19
9
6
7
0
16
6
7
1
9
10
0
0
13
7
1
17
9
12
9
8
1
1
2
3
19
5
3
8
6
3
13
7
13
5
12
18
5
7
19
2
16
1
4
3
19
7
18
15
13
15
10
17
4
7
7
1
3
4
18
6
15
12
5
3
6
12
17
16
0
5
8
5
9
2
10
7
13
6
19
8
7
17
10
8
13
6
11
15
19
6
6
13
8
10
17
9
2
11
5
1
8
10
17
15
2
7
12
5
8
13
13
6
2
8
4
10
18
17
4
16
15
3
10
8
13
16
12
7
18
16
10
7
13
12
14
0
1
9
7
9
9
9
11
16
16
10
0
5
9
17
15
1
4
3
19
0
11
0
5
1
6
18
6
11
4
3
17
17
4
7
18
5
6
9
10
0
11
1
14
0
11
10
8
17
12
8
1
8
0
3
8
17
3
1
17
11
4
5
15
0
19
6
13
10
16
10
3
19
14
10
10
5
11
0
5
14
14
9
2
4
2
17
9
1
12
11
11
12
4
5
18
2
14
11
11
4
7
10
9
14
10
1
12
1
6
16
2
5
6
17
15
16
3
18
8
16
4
6
4
7
3
8
0
1
11
10
1
18
8
16
16
11
14
9
14
16
3
17
6
11
12
14
2
2
4
1
7
3
3
2
19
19
10
18
3
18
10
18
1
8
3
14
2
13
8
16
15
17
12
0
15
11
1
14
3
11
15
3
14
12
8
0
8
2
5
7
6
13
9
10
2
14
6
12
3
10
9
6
0
2
1
4
15
14
19
13
2
1
7
13
13
9
15
17
6
0
18
5
6
16
13
4
13
2
14
9
8
2
1
11
3
12
15
15
15
7
15
6
3
4
10
4
4
2
4
19
10
5
0
11
0
3
4
5
0
5
16
14
16
7
14
19
7
15
9
19
0
9
15
0
8
0
19
11
17
8
5
9
9
16
8
0
1
4
17
0
5
8
9
10
6
4
15
13
3
17
16
14
15
18
1
10
18
6
19
10
1
4
1
19
0
1
10
2
3
2
9
12
17
19
5
5
5
5
7
14
18
7
6
14
7
0
9
2
9
9
2
3
13
4
17
4
13
12
13
3
18
16
6
8
7
3
3
9
8
10
6
13
18
16
7
2
14
3
13
1
10
6
7
13
7
1
17
8
13
7
4
1
3
11
19
0
19
4
11
16
15
3
19
1
12
10
10
4
2
15
16
4
0
4
1
7
1
11
2
15
0
6
8
18
12
0
19
17
0
17
10
15
8
6
6
1
0
4
10
16
1
6
9
6
13
5
5
15
4
8
14
17
17
9
4
11
2
8
9
8
4
8
1
7
6
14
19
0
3
11
5
12
17
5
8
4
9
15
12
8
0
12
11
2
9
7
10
18
0
17
15
5
12
0
12
3
5
18
5
9
19
15
17
7
9
15
2
2
14
9
15
11
13
13
2
10
5
14
15
14
7
17
18
11
14
3
18
6
2
12
0
15
16
0
16
14
0
12
5
8
19
1
14
10
5
15
13
11
6
16
2
0
10
18
18
3
15
13
3
4
13
17
12
1
9
4
4
1
11
9
9
6
6
12
16
13
19
13
11
5
9
11
16
8
7
13
12
10
5
14
18
14
5
10
16
0
4
8
7
17
16
11


